        944.521        -27.961       -1370.23        30.1645        424.162       -1.84436       -4.27725       -7.83065       -12.2347        -17.424       -23.3046       -29.9617       -37.1698       -45.0343       -53.4372       -62.0039       -71.2128       -80.4453       -90.5466       -100.806       -111.014       -121.664       -132.361       -142.995       -153.881       -164.428       -175.291       -186.101       -196.591       -207.107       -217.304       -227.452        -237.31        -246.84       -256.095       -265.043       -273.712       -281.941       -289.769       -297.248       -304.273       -310.768       -316.871       -322.494       -327.661        -332.24       -336.439       -339.923        -342.81       -345.556       -347.371       -348.424       -349.644       -349.813       -349.261        -348.37       -347.508       -344.996       -342.424       -340.014       -335.534       -332.403       -327.889       -321.878       -316.272       -309.856        -303.54       -296.474       -289.115       -281.319       -272.578       -264.327       -255.587       -245.795       -236.331       -226.392       -216.479       -205.957       -195.501       -185.204       -174.493       -163.694       -152.876       -141.963       -131.641       -120.931       -110.103       -99.8671       -89.7026       -79.8143        -70.272       -61.1325       -52.4126        -44.084       -36.3542       -29.2274        -22.779       -16.8999       -11.8482       -7.52559       -4.10016       -1.64595        2.37287      -0.590559      -0.207916        1.42427       -4.39622       0.458062
        -27.961        32.9341        24.6757       -35.0805        4.07326        1.70767         2.4581        3.48997        4.33899        5.19807         5.9635        6.69907        7.38466        8.01423        8.63996        9.03834        9.53487          9.898        10.3947        10.8137        11.0741        11.4147        11.6674        11.8915        12.0708        12.2174        12.3552        12.4428        12.5189        12.5511        12.5556        12.6047        12.5499        12.4709        12.3907        12.2749        12.1676         12.013        11.8713        11.6616         11.458        11.2388        11.0122        10.7871        10.5105        10.2669        9.96561         9.7333        9.41267        9.09016        8.77549        8.42314        8.09635         7.7675        7.40313        7.09101        6.77101        6.42301        6.03559        5.61195        5.31567        4.98607        4.68207        4.30543        4.00413        3.67047         3.3559        3.09012          2.761        2.47563        2.19222        1.89183        1.62253        1.34172        1.11875       0.833596       0.609535         0.3671       0.161213     0.00181205      -0.216268       -0.33733      -0.521541      -0.689842      -0.806525       -0.92654      -0.977238       -1.08043       -1.14611       -1.21383        -1.2443       -1.24359       -1.24568       -1.24879       -1.18017       -1.17181       -1.09676       -1.01977      -0.854797      -0.778669      -0.614275      -0.454604        -1.2235      -0.894136      0.0790026       0.775259        1.95782       0.148124
       -1370.23        24.6757        2006.37       -27.9912       -634.632        1.41752         4.4511        8.94924        14.8785        21.9511         30.071        39.4125        49.5851        60.7821        72.8301        84.9931        98.3082        111.468        126.184        141.165        156.037        171.569        187.233        202.788        218.753        234.267        250.262        266.145        281.639        297.154        312.181        327.256        341.841        355.946        369.692        382.983        395.877         408.14        419.823        430.936        441.451        451.159        460.299        468.764        476.522        483.436        489.776          495.1        499.496        503.686        506.568        508.194        510.151        510.544        509.924        508.772        507.635        504.087        500.437        497.025        490.584        486.089          479.6        470.788        462.667        453.305        444.114        433.815        423.062        411.681        398.901        386.822        374.033        359.681        345.834        331.217        316.681        301.216        285.865        270.804        255.111        239.226        223.299        207.262        192.112        176.377        160.528        145.465        130.536         116.01        101.991        88.6019        75.8354        63.6163          52.33        41.9172        32.5748        24.0034        16.7161        10.4431        5.59013         2.0008       -4.97179        1.27045       0.715241       -2.73178        9.16837      -0.966931
        30.1645       -35.0805       -27.9912        37.7009       -2.94962       -1.76993        -2.5599       -3.64222       -4.54233       -5.45137       -6.25747       -7.04194       -7.77093       -8.44399       -9.12644       -9.49695       -10.0435       -10.4046       -10.9702       -11.4409       -11.7365       -12.1111        -12.403       -12.6523       -12.8589       -13.0355       -13.2049       -13.3111       -13.4143       -13.4667        -13.481        -13.569       -13.5194       -13.4539       -13.3886       -13.2832       -13.1831       -13.0387       -12.9071       -12.6884       -12.4873       -12.2629       -12.0347       -11.8076       -11.5199       -11.2676       -10.9531       -10.7159        -10.369       -10.0322       -9.69882       -9.29943       -8.96473       -8.60301       -8.22379        -7.8908       -7.54233        -7.1662       -6.74079       -6.26428       -5.95302       -5.59358       -5.26996       -4.84023         -4.509       -4.13506       -3.78605        -3.4881       -3.12016       -2.79882       -2.48192       -2.14521       -1.83923       -1.52115        -1.2667      -0.940968      -0.681594      -0.404565      -0.161886      0.0126034       0.272455        0.41826        0.63955        0.83229       0.964479        1.10651        1.15923        1.28413        1.36779        1.44573        1.48702        1.48535        1.48565        1.50093        1.40778        1.42793        1.33649         1.2309        1.03166       0.931021        0.72696       0.550025        1.99466       0.810364      -0.238978      -0.856792       -2.72594     -0.0622437
        424.162        4.07326       -634.632       -2.94962        210.853       0.483254      -0.087446      -0.993411       -2.47899       -4.32955       -6.53843       -9.18999        -12.128       -15.4312       -19.0525       -22.6198       -26.6929       -30.6389       -35.2335       -39.9256       -44.5856       -49.4521       -54.4086       -59.3224       -64.3899       -69.3497       -74.4734       -79.5429       -84.5413       -89.5375       -94.3669       -99.2934       -104.013       -108.594       -113.082       -117.427       -121.652       -125.689       -129.545       -133.186       -136.677       -139.895       -142.942       -145.785       -148.384       -150.724       -152.875       -154.722       -156.237       -157.696       -158.752       -159.347       -160.097       -160.324       -160.265       -160.012       -159.748       -158.723       -157.642       -156.627       -154.685       -153.327       -151.361       -148.582       -146.072       -143.139       -140.272       -137.048       -133.662       -130.086       -126.055       -122.233       -118.188       -113.639       -109.259       -104.599       -99.9774       -95.0496       -90.1605       -85.4012       -80.4055        -75.339       -70.2392        -65.125       -60.3122       -55.2968       -50.2825       -45.4705       -40.7114       -36.0875       -31.6227       -27.3829       -23.3452       -19.4627       -15.9247       -12.6086       -9.71529       -7.04156        -4.8155       -2.88593       -1.46908      -0.345616        2.50631      -0.717735      -0.669767       0.903254       -4.50027       0.464538
       -1.84436        1.70767        1.41752       -1.76993       0.483254       0.121184       0.152692       0.221299       0.269288       0.320648       0.367032       0.409979       0.450064        0.48648       0.520631       0.550228       0.578746        0.60679       0.630342        0.65042       0.667189       0.684908       0.698174       0.710218       0.720216       0.726743       0.732581       0.738139       0.739712       0.740967       0.741579       0.738695       0.735345       0.731349       0.725435       0.718414        0.71038       0.700866       0.690936       0.681274       0.668928       0.656892       0.644282       0.630232        0.61646       0.601816       0.586776       0.571117        0.55549       0.540012       0.522691       0.506731       0.491217       0.474541       0.456259        0.43969       0.423521       0.406324       0.388836       0.370419       0.354019       0.338969       0.322511       0.307668       0.291857       0.276857       0.261587       0.247405       0.233083       0.218436       0.204781        0.19201       0.178975       0.166453        0.15408       0.143431       0.132567       0.122704       0.112627       0.102078      0.0914543      0.0842217      0.0768599      0.0696489      0.0622429      0.0556077      0.0485564      0.0437168      0.0385317      0.0340513      0.0304443      0.0262552      0.0224026      0.0188313      0.0164878      0.0120126     0.00735244     0.00693096     0.00458618     0.00337083     0.00104234     0.00251059     -0.0131836     -0.0238797     -0.0404649      0.0214267     -0.0259979     0.00236409
       -4.27725         2.4581         4.4511        -2.5599      -0.087446       0.152692       0.234228       0.315915        0.39965       0.478313       0.555567       0.627536       0.697441       0.762587       0.825697        0.88342       0.939106       0.995834        1.04832        1.09515          1.136        1.18063        1.21815        1.25474        1.28793        1.31632        1.34399        1.37133        1.39251         1.4129        1.43264        1.44692         1.4598        1.47127        1.47963        1.48574        1.49015        1.49134        1.49201        1.49155        1.48657        1.48148        1.47459        1.46505        1.45434        1.44244        1.42831        1.41328        1.39585        1.37895        1.35705        1.33711        1.31741        1.29442        1.26672        1.24207        1.21804        1.18885        1.15996         1.1284        1.09764        1.07075        1.03931        1.00801       0.975789       0.942898       0.909853       0.877238       0.843578       0.808971       0.774083       0.740894       0.706832       0.671031       0.636852       0.603566       0.570661       0.537666       0.504708       0.471555       0.435621       0.407498       0.377954       0.347627       0.318798       0.290251       0.261528       0.235955       0.210867       0.186777        0.16467       0.142996       0.121639       0.101744      0.0848558      0.0662422      0.0471633      0.0359063      0.0248344      0.0147207       0.004515     0.00485646      -0.040294      -0.055946     -0.0180268      0.0455372     -0.0460015      0.0156194
       -7.83065        3.48997        8.94924       -3.64222      -0.993411       0.221299       0.315915       0.468782        0.57273       0.701135       0.816934       0.931668        1.04288        1.14966        1.25459        1.35153        1.44749        1.54388        1.63755         1.7238        1.80124        1.88473        1.95871        2.03089        2.09905        2.15991        2.22055         2.2801        2.33101        2.38063        2.42822        2.46933        2.50709          2.542        2.57233        2.59885        2.62266          2.641        2.65772        2.67176        2.67917        2.68498         2.6876        2.68582        2.68115        2.67381        2.66247        2.64878        2.63014        2.61177        2.58507        2.55891        2.53341        2.50151        2.46189         2.4256        2.39023        2.34438        2.29839        2.24957         2.1976        2.15345        2.10072        2.04407        1.98793        1.92889        1.87015        1.81054        1.74852        1.68479        1.61841        1.55524        1.49019        1.42047        1.35403        1.28713        1.22123         1.1537        1.08675        1.02032       0.949201       0.888062       0.824699       0.760319       0.699678        0.63842       0.577139       0.520832       0.465509       0.412061       0.362149       0.313934       0.267108       0.223036       0.184437       0.144705       0.106668      0.0792009      0.0546186      0.0323512       0.012511     0.00811175     -0.0575385     -0.0723572     -0.0207519      0.0596628     -0.0317996      0.0196071
       -12.2347        4.33899        14.8785       -4.54233       -2.47899       0.269288        0.39965        0.57273       0.742562       0.892772        1.05834        1.21425        1.37127        1.52375        1.67641        1.81757        1.96153        2.10283        2.24708        2.38294        2.50654        2.63924        2.76071        2.87934         2.9941        3.09914          3.205        3.30859        3.40169        3.49277        3.57996        3.66077        3.73555        3.80551        3.86969         3.9281        3.98274        4.02926        4.07273        4.11104        4.14089        4.16672        4.18765        4.20225        4.21139        4.21596        4.21411        4.20809        4.19352        4.17853        4.15198        4.12188        4.09389        4.05529        4.00549        3.95863        3.91272        3.84937        3.78539        3.71875        3.64228        3.57898        3.50188        3.41377        3.32923        3.23805        3.14796        3.05495        2.95746        2.85716         2.7507        2.64928        2.54451        2.43083        2.32266        2.21121        2.10205        1.98847        1.87644        1.76626        1.64921        1.54293        1.43366        1.32315        1.21946        1.11365         1.0084       0.909721        0.81297        0.71903       0.630624       0.545909       0.464204       0.386729       0.318022       0.250328       0.187286        0.13709      0.0941456      0.0549975      0.0227773      0.0108962     -0.0871224     -0.0862596     -0.0255684      0.0592293      0.0181306      0.0156916
        -17.424        5.19807        21.9511       -5.45137       -4.32955       0.320648       0.478313       0.701135       0.892772        1.11594        1.30844        1.52131        1.72605        1.93179         2.1385        2.33071        2.53017         2.7249        2.92771        3.12151        3.29965        3.49066        3.66843        3.84257          4.013        4.17105        4.33119        4.48804         4.6321         4.7736         4.9092        5.03838        5.15853        5.27171        5.37758         5.4755        5.56845        5.65011        5.72702        5.79621        5.85441        5.90598        5.95056        5.98643        6.01391        6.03448        6.04581        6.05071        6.04294        6.03381        6.00883        5.97638        5.94687          5.902        5.84145        5.78348        5.72656        5.64387        5.55919        5.47224        5.36806        5.28298         5.1778         5.0537        4.93608        4.80768        4.68104          4.549        4.40983        4.26655        4.11272        3.96608         3.8143        3.64844        3.49067        3.32648        3.16568        2.99735        2.83151        2.66876        2.49652         2.3364        2.17203        2.00632         1.8509        1.69158         1.5331        1.38365        1.23685        1.09413       0.959385        0.83038       0.706401       0.588534       0.483347       0.380762       0.287092       0.209275       0.143639      0.0841394      0.0365306      0.0154722      -0.113764      -0.102511     -0.0392475      0.0696424      0.0682097      0.0200446
       -23.3046         5.9635         30.071       -6.25747       -6.53843       0.367032       0.555567       0.816934        1.05834        1.30844        1.57766        1.82289        2.08973        2.34897        2.61555        2.86501         3.1259        3.38134        3.64917        3.90743        4.14771        4.40459        4.64644        4.88422        5.11867        5.33784        5.56055        5.77953         5.9827        6.18311        6.37592        6.56079        6.73466        6.89946         7.0549        7.20015        7.33866        7.46271        7.57997        7.68728        7.78017        7.86371        7.93782        8.00012        8.05132        8.09238        8.12151         8.1406        8.14321        8.14367        8.12266        8.09024        8.06196        8.01214        7.94162        7.87293        7.80541        7.70249        7.59722        7.48961        7.35481        7.24685        7.11063        6.94762        6.79322        6.62356        6.45612        6.27982        6.09433        5.90227        5.69492        5.49756        5.29237        5.06731        4.85249        4.62882        4.40902        4.17843        3.95076        3.72698        3.49097        3.26858        3.04141        2.81219        2.59667        2.37538        2.15449        1.94629        1.74135        1.54208        1.35321        1.17226       0.998578        0.83332       0.684762       0.541612       0.410558       0.300374       0.206759       0.122942       0.056012      0.0231547      -0.141826      -0.118535     -0.0503744      0.0719986       0.088593      0.0186102
       -29.9617        6.69907        39.4125       -7.04194       -9.18999       0.409979       0.627536       0.931668        1.21425        1.52131        1.82289        2.15227        2.45855        2.78806        3.11737        3.43111        3.76029        4.08197        4.42402        4.75629        5.06759        5.39939        5.71516        6.02577        6.33406        6.62419        6.91981        7.21044        7.48295        7.75214        8.01108        8.26243        8.49938        8.72458        8.93866        9.13995        9.33276        9.50755        9.67309        9.82527        9.96029        10.0822        10.1919        10.2868        10.3668        10.4333        10.4846        10.5221         10.538        10.5508        10.5365        10.5047        10.4789        10.4246        10.3445        10.2647        10.1862        10.0611        9.93303        9.80332        9.63418        9.50052        9.32992        9.12148        8.92571         8.7088        8.49522        8.26849        8.02991        7.78255        7.51376        7.25801        6.99172        6.69846        6.41854        6.12562        5.83783        5.53486        5.23589        4.94265        4.63375        4.33888        4.03836        3.73542        3.45079         3.1578        2.86552        2.58883        2.31654         2.0516        1.79979        1.55905        1.32825        1.10836       0.909967       0.720538       0.548268       0.400275       0.275583       0.164044      0.0763036      0.0293266      -0.177677      -0.125747     -0.0448866      0.0681979       0.148992      0.0171501
       -37.1698        7.38466        49.5851       -7.77093        -12.128       0.450064       0.697441        1.04288        1.37127        1.72605        2.08973        2.45855         2.8548        3.23066        3.63744        4.01624        4.41994        4.81341         5.2352        5.64697        6.03503        6.44823        6.84409        7.23418         7.6229         7.9905        8.36562        8.73488        9.08328        9.42796        9.75999        10.0841        10.3906        10.6827        10.9616        11.2249        11.4779        11.7089        11.9282        12.1308        12.3127        12.4777        12.6276        12.7592        12.8719        12.9675        13.0442        13.1031        13.1349        13.1626        13.1564        13.1273        13.1054        13.0476         12.958        12.8673         12.778        12.6299        12.4779        12.3247        12.1193        11.9586        11.7512        11.4948        11.2546        10.9872        10.7239        10.4429        10.1471        9.83986        9.50461         9.1857         8.8531        8.48587        8.13508         7.7672        7.40546        7.02394        6.64733        6.27798        5.88919        5.51559         5.1353         4.7519        4.39161        4.02022        3.64948        3.29806        2.95204        2.61521        2.29457        1.98812        1.69446        1.41453        1.16126       0.920593       0.702148       0.512639       0.353233       0.210982      0.0996145      0.0374686      -0.212006      -0.140117     -0.0464798      0.0703003       0.198652      0.0164957
       -45.0343        8.01423        60.7821       -8.44399       -15.4312        0.48648       0.762587        1.14966        1.52375        1.93179        2.34897        2.78806        3.23066        3.70486        4.16676        4.62708        5.10728        5.57916        6.08695        6.58577        7.05822        7.56012        8.04418        8.52137        8.99883        9.45199        9.91516        10.3712        10.8039        11.2325        11.6452        12.0506        12.4348        12.8013        13.1527        13.4856        13.8061        14.1005        14.3801        14.6392        14.8745        15.0883        15.2836        15.4571        15.6074        15.7363        15.8426        15.9262         15.977        16.0223        16.0269        16.0016         15.985        15.9245        15.8262        15.7244        15.6243        15.4519        15.2749        15.0981         14.853        14.6634        14.4165        14.1073         13.819        13.4964        13.1793        12.8389        12.4807        12.1083        11.7001         11.312        10.9069        10.4585          10.03        9.57951        9.13638        8.66816         8.2061        7.75327        7.27738        6.81618        6.34755         5.8753        5.43165         4.9737        4.51636        4.08217        3.65453         3.2381        2.84103        2.46184        2.09879        1.75264        1.43835        1.14168       0.873334       0.637271       0.439483       0.263394       0.126528      0.0462121      -0.237824      -0.141668     -0.0397639      0.0621301       0.264038       0.015036
       -53.4372        8.63996        72.8301       -9.12644       -19.0525       0.520631       0.825697        1.25459        1.67641         2.1385        2.61555        3.11737        3.63744        4.16676        4.73648         5.2515        5.82562        6.37541        6.97769        7.57017        8.13318        8.73077        9.30995         9.8809         10.454        10.9996         11.558        12.1076        12.6317        13.1511        13.6512        14.1456        14.6136         15.061        15.4912        15.8996        16.2936        16.6571        17.0025        17.3231        17.6165        17.8833        18.1286        18.3481        18.5395        18.7049        18.8435        18.9548        19.0265        19.0912        19.1083        19.0863        19.0764        19.0132         18.906        18.7931        18.6815        18.4836        18.2788         18.075        17.7887        17.5681        17.2794        16.9129         16.573        16.1912        15.8159        15.4122        14.9864        14.5435         14.057        13.5943        13.1107        12.5749        12.0626        11.5228        10.9918        10.4301        9.87565        9.33305        8.76293        8.20744        7.64308        7.07522        6.54172        5.99034        5.44015        4.91688        4.40113        3.89908        3.42006        2.96277        2.52547        2.10763        1.72904        1.37051         1.0489       0.764379       0.526215       0.314633       0.151702      0.0528633      -0.299591      -0.147019     -0.0629087      0.0575859       0.378723     0.00430908
       -62.0039        9.03834        84.9931       -9.49695       -22.6198       0.550228        0.88342        1.35153        1.81757        2.33071        2.86501        3.43111        4.01624        4.62708         5.2515        5.88989        6.52145        7.17134        7.85811        8.53995        9.19334        9.88507        10.5579        11.2237        11.8927        12.5308        13.1839         13.829        14.4445        15.0554        15.6454        16.2251        16.7801        17.3097        17.8191        18.3048         18.774         19.208          19.62        20.0058        20.3594        20.6821         20.979        21.2459         21.481        21.6857          21.86        21.9999        22.0961        22.1838        22.2138        22.2062        22.2033        22.1421         22.027        21.9042        21.7855        21.5632        21.3385         21.118        20.7874        20.5384        20.2071          19.79        19.4001        18.9615        18.5309        18.0635        17.5733        17.0628        16.4982        15.9624        15.4025        14.7799        14.1844        13.5576        12.9397        12.2849        11.6394        11.0049        10.3405        9.69045        9.03296        8.36691         7.7422         7.0964        6.44874        5.83442        5.22964        4.63904        4.07428        3.53535        3.01867        2.52882        2.07612        1.66156        1.28054       0.936974       0.651161       0.396875       0.198153       0.077038      -0.159582      -0.164205       0.054397      0.0496272       0.240219      0.0150272
       -71.2128        9.53487        98.3082       -10.0435       -26.6929       0.578746       0.939106        1.44749        1.96153        2.53017         3.1259        3.76029        4.41994        5.10728        5.82562        6.52145        7.27817        7.99365        8.78862        9.57137        10.3251        11.1219        11.8995        12.6686        13.4439         14.184        14.9425        15.6919        16.4084        17.1208        17.8087        18.4864         19.136        19.7566         20.355        20.9258        21.4773        21.9891        22.4754        22.9316        23.3512        23.7348        24.0886        24.4081        24.6913        24.9377        25.1501        25.3213        25.4437        25.5546        25.6025        25.5986        25.6057        25.5435        25.4211        25.2879        25.1573        24.9093        24.6554        24.4079        24.0333         23.752        23.3757        22.8966        22.4506         21.948        21.4538        20.9172        20.3538        19.7651        19.1151        18.4983        17.8523        17.1341        16.4459        15.7212        15.0067        14.2493        13.5017        12.7667        12.0006        11.2444        10.4808        9.71045        8.98474        8.23519        7.48322        6.77056        6.06759        5.38208        4.72665        4.09964        3.50045        2.93015        2.40553        1.92194        1.48091         1.0848       0.751628       0.458217       0.230436      0.0858783      -0.259969      -0.154582     -0.0759315     0.00259833       0.390277     0.00880322
       -80.4453          9.898        111.468       -10.4046       -30.6389        0.60679       0.995834        1.54388        2.10283         2.7249        3.38134        4.08197        4.81341        5.57916        6.37541        7.17134        7.99365        8.83969         9.7093        10.5942        11.4458        12.3455        13.2252        14.0972        14.9766        15.8173        16.6787        17.5328        18.3481        19.1611        19.9473        20.7187        21.4617         22.174        22.8589        23.5145        24.1475        24.7368        25.2957        25.8246        26.3095        26.7546        27.1663        27.5373        27.8698        28.1586        28.4112        28.6135        28.7633        28.9016        28.9619        28.9735        28.9917        28.9307        28.8015        28.6583        28.5201        28.2474        27.9684         27.697        27.2785        26.9669        26.5454        26.0135        25.5123        24.9495        24.3949        23.7896        23.1563        22.4932        21.7586        21.0631        20.3329        19.5214        18.7411        17.9245        17.1142        16.2577          15.41        14.5744        13.7024        12.8445        11.9791        11.1046        10.2804        9.42876        8.57032        7.76129        6.96047        6.18079        5.43378        4.71812         4.0339        3.38406        2.78344        2.22697         1.7198        1.26585       0.880416       0.545417       0.280904       0.111436      -0.175652      -0.144272     -0.0274405      0.0546384       0.263401      0.0182115
       -90.5466        10.3947        126.184       -10.9702       -35.2335       0.630342        1.04832        1.63755        2.24708        2.92771        3.64917        4.42402         5.2352        6.08695        6.97769        7.85811        8.78862         9.7093        10.7214        11.7003        12.6688        13.6811        14.6776        15.6637        16.6598        17.6146        18.5935        19.5627        20.4915        21.4165        22.3111        23.1938         24.041        24.8544        25.6385        26.3893        27.1145        27.7914        28.4347        29.0406        29.5999         30.113        30.5886        31.0191        31.4042        31.7411         32.036        32.2757        32.4525         32.618        32.6958        32.7134        32.7437        32.6814        32.5444        32.3903        32.2405        31.9381        31.6296        31.3274        30.8602        30.5128        30.0422         29.441        28.8785        28.2436        27.6192        26.9365        26.2217        25.4733        24.6437        23.8574         23.032        22.1132        21.2309        20.3045         19.387        18.4158        17.4546        16.5101        15.5204        14.5475        13.5649        12.5721        11.6381        10.6715        9.70042        8.78057        7.87178        6.98678        6.13816        5.32746        4.55162        3.81314        3.13381        2.50235        1.92904        1.41553       0.982482       0.603201       0.306422       0.115371      -0.305584      -0.154832      0.0442872      0.0446442       0.394977     0.00453904
       -100.806        10.8137        141.165       -11.4409       -39.9256        0.65042        1.09515         1.7238        2.38294        3.12151        3.90743        4.75629        5.64697        6.58577        7.57017        8.53995        9.57137        10.5942        11.7003        12.8226        13.8818        15.0197        16.1309        17.2342        18.3492        19.4199        20.5182        21.6048        22.6491        23.6889        24.6941        25.6899        26.6447        27.5612        28.4468        29.2949        30.1151        30.8815        31.6108        32.2965        32.9323        33.5155        34.0568        34.5489        34.9888        35.3754        35.7144        35.9926        36.1993        36.3924        36.4908        36.5155        36.5574        36.4957        36.3513        36.1868        36.0258        35.6946        35.3556        35.0245        34.5082        34.1249        33.6047        32.9336        32.3094        31.6023        30.9074        30.1473        29.3501        28.5154        27.5896        26.7115        25.7897        24.7625        23.7771        22.7391        21.7129        20.6249        19.5489        18.4929         17.387        16.2956         15.193        14.0805        13.0336        11.9499        10.8627         9.8303        8.81109        7.81817        6.86618        5.95719        5.08779        4.25911        3.49807        2.79128        2.15151        1.57597        1.09229       0.667443       0.337676       0.122604      -0.397498      -0.158965      0.0234275       0.012606       0.552579     0.00463827
       -111.014        11.0741        156.037       -11.7365       -44.5856       0.667189          1.136        1.80124        2.50654        3.29965        4.14771        5.06759        6.03503        7.05822        8.13318        9.19334        10.3251        11.4458        12.6688        13.8818        15.0814        16.3141          17.55        18.7655             20        21.1851        22.4019        23.6062        24.7646        25.9193        27.0351        28.1416        29.2034        30.2245         31.211        32.1571        33.0715        33.9284        34.7427        35.5104        36.2233        36.8773        37.4858        38.0392        38.5364        38.9725        39.3583        39.6739        39.9124        40.1367        40.2546        40.2906        40.3473        40.2869        40.1384        39.9641        39.7937        39.4358        39.0689         38.712        38.1473        37.7303        37.1614        36.4251        35.7396        34.9629        34.1996         33.362        32.4852        31.5656        30.5446        29.5772          28.56        27.4268        26.3377        25.1927        24.0581        22.8562         21.666         20.498        19.2753        18.0656        16.8453         15.615        14.4563        13.2564        12.0513        10.9083        9.77819        8.67862        7.62298        6.61482        5.65139        4.73224        3.88841        3.10169        2.39269        1.75524        1.21671       0.747245       0.382429       0.138262       -0.42776      -0.119482      0.0295933    -0.00187902       0.598451     -0.0137837
       -121.664        11.4147        171.569       -12.1111       -49.4521       0.684908        1.18063        1.88473        2.63924        3.49066        4.40459        5.39939        6.44823        7.56012        8.73077        9.88507        11.1219        12.3455        13.6811        15.0197        16.3141        17.6962        19.0338         20.378        21.7331        23.0391        24.3791         25.706        26.9839         28.258        29.4896        30.7125        31.8863        33.0153        34.1073        35.1549        36.1682        37.1184        38.0222        38.8744         39.667        40.3948        41.0726        41.6902        42.2456        42.7341         43.167         43.523         43.794        44.0485        44.1876        44.2344        44.3042        44.2456          44.09        43.9058        43.7252        43.3386        42.9411        42.5551        41.9401        41.4869        40.8668         40.061        39.3118        38.4618        37.6262        36.7089        35.7476        34.7391        33.6188        32.5569        31.4403        30.1953        28.9991        27.7399        26.4927        25.1707        23.8617        22.5771         21.233        19.9011        18.5573        17.2028        15.9269        14.6054        13.2783        12.0191         10.774        9.56229         8.3991          7.288        6.22643        5.21332        4.28323        3.41674        2.63626        1.93332        1.33987       0.822213       0.420759       0.151221      -0.478711      -0.129315     0.00811231     -0.0152631       0.697387     -0.0147096
       -132.361        11.6674        187.233        -12.403       -54.4086       0.698174        1.21815        1.95871        2.76071        3.66843        4.64644        5.71516        6.84409        8.04418        9.30995        10.5579        11.8995        13.2252        14.6776        16.1309          17.55        19.0338        20.5218        21.9677        23.4555        24.8799        26.3459        27.7962        29.1952        30.5903        31.9387        33.2797        34.5668        35.8057        37.0047        38.1558        39.2693        40.3151        41.3096        42.2478        43.1222        43.9251        44.6738         45.357        45.9724        46.5141         46.996        47.3931        47.6975        47.9842         48.145        48.2032         48.288        48.2314        48.0708        47.8769        47.6867        47.2717        46.8448         46.431        45.7655        45.2765        44.6055        43.7298        42.9167        41.9929        41.0851        40.0869        39.0411        37.9434        36.7228        35.5662        34.3492         32.992        31.6873        30.3138        28.9526        27.5097        26.0805        24.6786        23.2117        21.7555        20.2871        18.8075        17.4138        15.9696        14.5193        13.1427        11.7812        10.4565        9.18415        7.96911        6.80862         5.7004        4.68343        3.73497        2.88276        2.11411        1.46489       0.899538       0.461853       0.164212      -0.530087      -0.109802      0.0183085     -0.0338707        0.78926     -0.0282923
       -142.995        11.8915        202.788       -12.6523       -59.3224       0.710218        1.25474        2.03089        2.87934        3.84257        4.88422        6.02577        7.23418        8.52137         9.8809        11.2237        12.6686        14.0972        15.6637        17.2342        18.7655         20.378        21.9677        23.5622         25.154        26.7065        28.2936        29.8681        31.3868        32.9021        34.3671        35.8249        37.2249         38.573        39.8783        41.1322        42.3455         43.486         44.571        45.5951        46.5506        47.4286        48.2479        48.9965        49.6716        50.2669        50.7974        51.2357         51.574        51.8928        52.0754        52.1463        52.2458        52.1921         52.026         51.823        51.6238         51.181        50.7252        50.2841        49.5687        49.0445        48.3229        47.3789        46.5027        45.5062        44.5269        43.4488        42.3193        41.1332        39.8134        38.5629        37.2466        35.7778        34.3658        32.8787        31.4048        29.8419        28.2937        26.7749        25.1858        23.6071        22.0152        20.4111        18.8999        17.3337        15.7607        14.2674        12.7903         11.353        9.97224        8.65358        7.39409        6.19134        5.08704        4.05801        3.13314        2.29812        1.59284       0.978799       0.503402       0.179107      -0.567936      -0.110654       0.024667     -0.0458459       0.854391     -0.0298515
